15.3971930965781,56.0035777115263,136
-10.5273966072127,38.5377653525211,99981
67.7928084344603,104.058323851787,3
10.5864823423326,13.6938917660154,117
-13.2601364585571,62.5833870959468,99994
69.4503934565,83.4662759583443,1
7.76492626871914,63.7522106803954,559
5.66854220116511,6.03870714083314,227
-11.725085102953,47.8425913187675,99985
9.5426846598275,19.1395236016251,272
27.0560718118213,107.997429757379,43
27.5779906450771,107.408568435349,43
7.22867369884625,95.6002271431498,564
-9.13332141237333,38.3472448913381,99981
24.1706860391423,113.182481403928,55
69.3697889684699,101.727448145393,3
6.0618178662844,14.820927977562,558
10.614799130708,82.792569573503,305
8.28521677525714,80.8601884287782,439
37.6667033298872,37.9720011958852,0
60.2080536237918,84.4142091250978,5
11.0161297116429,82.8902544663288,258
31.5013254177757,88.0167267587967,27
42.1092309709638,69.319702447392,13
64.0594658860937,107.561551330145,4
32.3260619887151,72.282589240931,25
37.5975917465985,39.6170178009197,1
1.90550963627174,111.266794716939,6360
-10.225867650006,106.522395515349,1e+05
52.737156918738,80.4531730059534,11
32.1992471581325,44.5914997765794,12
9.23127002781257,68.9646048797294,359
32.3648952669464,62.5269399397075,21
101.19376208866,112.376290480606,0
8.39337269542739,47.5138015928678,426
-13.7471912358887,82.7396748797037,99998
64.592358104419,98.2210661377758,3
52.9195778188296,55.1827371143736,3
67.0183365116827,114.797984061297,3
31.4760792860761,102.24785996601,29
-0.995723363012075,107.069186791778,1e+05
9.82552734436467,78.0749816610478,360
17.7667014952749,37.2255120845512,89
4.26140089286491,91.7246826109476,1383
99.6769557590596,111.217577038333,1
81.9512499915436,112.177176333498,2
97.3434773390181,111.452005023602,1
32.3197017167695,79.5235887449235,25
36.16623287322,78.4607797116041,20
80.0856364169158,91.3694389094599,1
5.46866266755387,16.7533473810181,822
50.0939205545001,75.0483031547628,11
10.4224050510675,55.4047079780139,297
64.6894575841725,69.7686317330226,1
66.6857147077098,103.801524466835,3
34.1095097316429,80.5306354048662,23
42.4512502877042,97.1114226663485,15
35.3399720368907,45.680719986558,8
45.0098733813502,108.93861201359,15
6.98132113320753,35.786428397987,699
56.9325452926569,94.439217208419,8
76.5328795299865,108.256241236813,2
30.6537214457057,72.6028895843774,31
-9.27910446189344,96.9395193457603,99999
9.03213914250955,33.2934438786469,337
32.6206441409886,96.1435397807509,26
24.0984005248174,85.2758839260787,53
50.8859552023932,78.5419176728465,11
12.1375476405956,81.7628069431521,223
46.9303280627355,69.1196489939466,12
78.9280855073594,101.742340084165,2
24.986370364204,42.3754246300086,39
36.892279048916,86.4576078159735,20
6.10323521308601,66.711895968765,719
9.01643674820662,89.6502757025883,360
-14.8194631910883,91.9025003258139,99999
57.4478134326637,110.37573705893,9
-14.4615732808597,63.9245002204552,99994
75.2302266308106,90.8169020432979,1
22.0299313473515,110.291435760446,63
51.0023246426135,71.0635178675875,10
38.0488312360831,55.8786401618272,9
16.948351347819,39.5945213641971,108
18.6909608915448,21.9226109748706,27
76.7249693861231,99.4760714494623,1
65.9790073218755,108.179268513341,3
24.5140476804227,107.9394395696,55
-12.4555899947882,14.0059067332186,99836
-6.61005913279951,34.6557038812898,99975
15.5339271086268,73.0902882060036,143
10.9412920917384,83.9506407896988,305
61.9250874780118,68.0069841723889,4
92.7999065117911,106.583677588496,1
-5.46502454904839,94.2541868449189,99999
-7.40789966424927,62.6201078807935,99994
7.63047473505139,7.70968072116375,0
32.2405508789234,33.976703020744,2
87.3216813546605,108.720035129227,2
96.156644243747,98.6072475323454,0
21.2065193639137,77.6432174094953,68
10.0492203049362,37.9326454619877,287
34.3214338342659,107.386695973109,25
43.1494378414936,100.086357721593,16
-7.23058687988669,68.7297565327026,99997
83.0330312694423,98.9480646955781,1
0.0850009266287088,34.0320955496281,16746
-10.0966186984442,53.4028421062976,99987
32.0516260853037,35.7543232687749,4
45.7639747997746,73.568310320843,13
72.3887439630926,86.3910026033409,0
74.4400973222218,105.550136091188,2
-9.7876193607226,75.7434296165593,99998
-6.6715757525526,114.879380026832,1e+05
-3.19708188297227,58.6289548454806,99991
-7.34882760792971,50.3117589605972,99987
74.0735051850788,94.9895318294875,1
40.2846618718468,91.5838389634155,18
19.3907529511489,28.1437208107673,53
98.5051294998266,106.468417046126,1
3.37480152724311,63.9724300871603,2057
37.2772723343223,89.9318649899215,18
25.3229243424721,95.6746232439764,49
67.0109411957674,75.4818445909768,1
57.9398680571467,93.7790149147622,8
81.8027124041691,97.9954891465604,1
19.5852532889694,92.0008116145618,89
87.9496068088338,97.5987720116973,1
34.9430495034903,36.9421339593828,3
-9.66807698830962,55.6933462247252,99990
70.8829607488587,78.9267631294206,1
7.95901157194749,71.5117527451366,562
10.0719390599988,98.9988034311682,306
68.5701302695088,109.160869151819,3
20.1850491622463,57.9359096707776,71
47.0783707988448,82.5171450874768,13
18.962057963945,25.8444237825461,47
45.0153908715583,78.3933421596885,13
34.6442394587211,78.4698337735608,23
71.6204014886171,81.1535771144554,1
-0.726779524702579,96.2915799743496,99999
94.9203058937564,95.5950162373483,0
-14.6661346359178,-5.06044645560905,0
4.80676339939237,95.5669567268342,1383
82.2108694748022,92.6741315983236,1
50.3979997406714,99.8272595135495,12
31.4737984724343,63.568143111188,23
75.6199687207118,100.24105311837,2
30.7216470385902,54.4218669272959,20
22.5137516274117,32.9455602914095,36
29.5934364292771,107.682861080393,36
64.9409146397375,73.565180702135,2
32.7060263999738,66.0443321079947,24
79.0762981073931,111.435224725865,2
72.4688330781646,77.053443598561,0
26.9265384925529,28.1269374559633,9
35.097579001449,111.687233203556,23
31.433020143304,100.247505435254,29
31.313338810578,113.787219645455,29
-2.19759671017528,5.9510605642572,99051
39.2883751471527,113.36653644219,19
69.2509376746602,70.5652202595957,0
-14.9731929786503,43.6021745367907,99984
56.3910372625105,105.562696123961,9
-0.257488179486245,105.403199740686,1e+05
-0.0316079333424568,42.0804187259637,99984
39.8624428105541,94.4088077824563,18
0.893766535446048,41.3449592073448,16755
21.6877266392112,34.0113123715855,45
57.6106077246368,60.4976940131746,2
-2.98717014724389,38.2790167699568,99981
35.6197524489835,86.7468302650377,21
17.707882206887,42.3612002213486,93
12.422824203968,50.6859961547889,212
3.13191255088896,49.1354767396115,2050
14.2956073558889,72.5403992435895,162
20.6588899064809,71.8315059039742,77
32.7671785629354,100.435367308091,27
75.6072651268914,93.8789177243598,1
95.5524724675342,97.1158575918525,0
56.700917489361,108.507656371221,9
-6.5942810382694,95.4851561388932,99999
-14.5378058007918,83.4260684228502,99998
25.6747298128903,49.3851356953382,37
14.094881771598,72.7566578728147,162
-6.02384420111775,60.2641888684593,99993
-0.229046263266355,47.6277010142803,99985
22.2329557547346,52.9472839506343,50
12.4324271758087,65.3366978256963,222
19.9944863561541,22.8793094772846,27
17.311112920288,57.5443804077804,100
35.7908526994288,54.5051668700762,10
10.5738480621949,65.4935744241811,304
28.1382854678668,106.847011710051,37
52.7219893899746,55.0688859703951,3
17.9578579775989,56.9558177702129,100
55.8440555701964,78.1215084856376,8
20.7222677045502,80.0379296857864,78
44.0703731775284,59.1636603581719,7
34.2666407627985,80.6875616428442,23
60.1850039791316,105.219339809846,7
86.4057191996835,95.5124737811275,1
-1.30187290953472,73.9103342988528,99998
71.7853353638202,113.568338900805,3
0.850102608092129,14.9459550599568,16607
-4.38947817310691,92.0627175713889,99999
54.8401209735312,78.1700521870516,11
54.6031926106662,106.476697791368,13
21.580601404421,52.5934594846331,57
35.0428845128044,91.399619479198,22
11.6672604787163,18.481886156369,163
8.52114759618416,105.911851148121,441
45.2875442057848,97.623470837716,14
3.98123916471377,101.543681561016,2063
35.5606233375147,59.0341805224307,15
-14.9335348675959,60.3082087170333,99993
1.07736688805744,58.2622120948508,6351
-13.9986642729491,88.1971930433065,99998
-6.44833947531879,36.1318998690695,99978
-7.38577752141282,18.8918143580668,99903
25.4613783629611,44.2448599007912,35
50.9300828049891,107.817298055161,13
20.2371871261857,23.7983789434657,22
-9.56183454953134,-4.37866678228602,0
39.29379042238,49.3172984546982,6
-14.6014498360455,92.671442409046,99999
27.7121867472306,96.5565608558245,42
66.7146983300336,107.914996447507,3
99.84177243663,114.619143197779,1
57.41065321723,89.0228381683119,7
32.8269424545579,77.5340080726892,25
25.1521088532172,33.6890557478182,25
-3.20590542396531,42.6596320676617,99984
77.6606516167521,100.398865360767,2
33.3918354078196,114.053365027066,25
93.148111696355,93.6602244595997,0
10.3463599202223,42.3592653707601,291
21.3061621715315,34.481790070422,45
-11.747970059514,68.8641932955943,99997
-14.8441032972187,108.473604950123,1e+05
8.57614954700693,24.0678842528723,386
23.6125768674538,80.2484784414992,56
-6.24658014858142,102.912237183191,1e+05
51.3732205540873,113.258297224529,13
12.7864911220968,101.174537893385,225
64.0029565291479,94.4807019620202,3
-11.953464364633,100.099101208616,1e+05
91.0698279738426,96.5291220205836,0
0.263771114405245,94.5548253180459,16770
-5.68158004665747,70.5582373752259,99997
-9.14493989897892,63.479193164967,99994
62.4255158612505,100.566382033285,6
12.4953825841658,57.4840985704213,216
8.8346382486634,59.5169645175338,433
103.972718608566,111.537660118192,0
17.5709035689943,84.4630217272788,107
20.6011365656741,76.5196916786954,78
33.0035187886097,65.9697668696754,22
62.8117413562723,68.5074905864894,3
72.2639328427613,96.6616561077535,1
94.9259693967178,114.145515933633,1
91.5418159542605,102.602856589947,1
-5.36635861033574,29.633798180148,99964
4.56706842174754,72.3797386931255,1382
19.2534186947159,27.9468780942261,47
4.15211252635345,51.8865789053962,1371
-10.5579727492295,19.4350026245229,99910
50.1867737085558,73.5503601050004,11
85.3717944188975,95.4630809719674,1
20.9463526052423,112.962067585904,80
42.8699075640179,69.9484915682115,13
28.7946120370179,43.3589650224894,21
52.3342669010162,94.9647898110561,12
58.9006603951566,92.1622053463943,8
3.3282832079567,62.3283452820033,2057
37.7750617731363,108.229383637663,20
8.61262189224362,110.527933379635,441
22.2160121309571,109.483538751956,63
4.81972747948021,94.948867126368,1383
-2.99228483112529,31.8354601971805,99971
21.6482008597814,66.915170904249,67
33.6149321193807,35.3230114327744,2
64.1071898699738,74.46428922005,2
-0.175808724015951,79.8529799864627,99998
-3.77774814842269,3.08165450114757,97937
89.416010316927,102.514195581898,2
30.1982876611874,94.0188569342718,32
-9.0723492228426,109.149607524741,1e+05
75.5316081526689,108.0480971816,2
-11.3479167572223,94.0870317234658,99999
13.0547820799984,13.7286927737296,0
49.7075580363162,51.4862009487115,0
98.5324686323293,106.988129948732,1
17.2567800735123,81.9542466732673,107
37.6169312628917,102.685556712095,20
63.7960431701504,102.859104825184,6
72.2798538021743,114.629439245909,2
39.7635576711036,113.014148948714,19
15.8336525480263,75.4016503854655,143
4.7922070720233,63.6707566003315,1378
45.3044759645127,106.294920691289,15
-14.0921243908815,42.9402828961611,99984
38.3890719455667,41.1383705330081,3
-14.6241826959886,8.25597088085487,99559
86.0483767767437,111.977924134117,2
-14.362171497196,38.4158746083267,99981
6.60212655784562,58.9851342816837,713
-12.8253708034754,57.1846278058365,99991
-3.67250721668825,51.1577386315912,99987
78.5325292102061,92.6514902082272,1
17.3594802198932,106.2408656138,109
41.3901681336574,108.854349427857,16
15.3549420787022,65.2894829795696,142
5.53699348820373,26.6954000014812,903
60.5559307336807,95.1184535236098,6
37.6044301921502,87.0084162289277,18
-13.4447206417099,18.5971935535781,99903
-1.93811969831586,26.4901921222918,99954
62.0661153364927,88.4381745918654,4
9.54602648736909,38.259044107981,343
25.1738823694177,81.3790324586444,48
56.55471338192,81.0443705925718,7
69.6274866163731,80.5720503302291,1
5.19519754918292,81.2844229442999,947
84.6592985535972,95.1121322065592,1
61.9158268370666,107.706615969073,7
3.21480308892205,9.17903136229143,1701
-0.764887672849,93.8339441618882,99999
50.4774625808932,83.3595794998109,11
20.090279742144,28.1436258298345,43
-9.97365044429898,69.9115913547575,99997
29.9859703774564,96.410455997102,35
72.9356975969858,84.1590661858208,0
5.5910305865109,99.6928773541003,948
32.6247344352305,38.1269321986474,8
51.6838600835763,55.9838165016845,3
-9.14313399000093,99.7528895642608,99999
-0.89895331999287,52.4095623544417,99987
9.33548617642373,63.5915690171532,356
14.6165198087692,82.0380986132659,162
90.5422935215756,90.5836617131718,0
17.4321054317988,73.75319452025,107
39.2015061248094,95.2041835919954,18
-6.00146347889677,56.7759386845864,99991
21.9183354708366,99.3390407203697,69
9.6999645489268,109.638586165383,362
67.0527787227184,80.9694255213253,1
18.9418385270983,45.8270988916047,82
-7.23684463417158,87.4418412847444,99998
16.2725190608762,95.4203461203724,126
35.5772486026399,96.5155584528111,22
34.3760910932906,51.9901668420061,12
59.7529492760077,79.895766354166,6
-14.0911891404539,52.9858838021755,99987
3.55878973379731,14.4347210670821,1899
-14.0822454052977,49.1341829043813,99987
-8.40081126661971,49.6510593337007,99987
14.6262624068186,73.9718086342327,162
55.4472616757266,96.8646922893822,9
87.7162788528949,97.1281529613771,1
4.54206594731659,17.9049003263935,1275
4.99843410449103,31.7126653180458,1355
19.9025058886036,71.2993348506279,87
-2.05534317996353,108.07107972214,1e+05
70.6904512271285,98.2330032554455,2
17.4762418423779,48.8628280092962,94
11.2931806780398,61.5249802684411,253
62.0876483130269,74.9803937249817,4
106.477375612594,111.645335140638,0
30.0989705370739,100.994879188947,33
11.7587458831258,105.866000540555,260
-4.06717645004392,49.0910051413812,99987
23.444811119698,110.942296052817,58
10.6120277033187,45.0767203141004,292
66.3908004551195,111.233961370308,3
40.2973379823379,89.7553785517812,17
5.73852813569829,37.5636343681253,929
0.99838727619499,111.446285222191,16771
52.217925125733,57.212747912854,4
40.3744689468294,100.540422394406,19
41.9122437248006,85.5652906768955,14
25.5630151345395,67.495685860049,47
55.5570503417403,81.2910467595793,8
30.2854289743118,66.9223870337009,30
16.93320521852,32.5073204468936,100
0.0796743668615818,86.3255851669237,16769
0.83316400879994,2.0094406302087,13450
-5.98667759913951,56.1369828507304,99991
-10.7137106661685,114.585731429979,1e+05
-8.25967132579535,50.257697768975,99987
-3.36434799712151,87.0874542882666,99998
40.7922472711653,89.4235570030287,17
77.3388017038815,99.1717113764025,1
-5.74419439537451,111.613008389249,1e+05
5.82952919183299,60.9367188275792,942
82.1818498335779,97.2383890184574,1
35.1316932286136,99.7456579678692,22
11.0692987847142,97.6297946064733,259
30.4479813948274,60.4919980932027,26
41.4329801686108,53.0348524660803,3
83.3538064570166,97.968218177557,1
-7.40302694262937,104.433306758292,1e+05
18.7773138750345,77.6257463963702,95
56.1015785112977,109.287656862289,9
38.9238230721094,67.3287546308711,16
-13.7861961335875,49.8662334308028,99987
35.1625220477581,98.4662757301703,22
45.3675193921663,110.612058911938,15
61.406860218849,96.936596124433,6
11.786349285394,97.0064826286398,259
102.060847987887,104.166802882683,0
-8.40542117133737,96.9407322444022,99999
62.1446647192352,99.993051122874,5
2.72597239818424,71.4917221805081,3318
38.8367642089725,81.5699062380008,17
58.5962230479345,101.958434479311,9
68.0322526721284,87.867008659523,1
56.5313654160127,59.9618146778084,1
107.607854141388,108.081541790161,0
89.4435633532703,111.833199253306,2
-7.06422135932371,61.9598592771217,99993
65.8088445011526,72.2295331885107,1
13.9242878742516,39.5195795921609,171
31.6442364896648,93.183906795457,28
67.3103316593915,108.26140253339,3
35.0162195088342,52.1318223373964,10
92.6254861964844,114.205083658453,1
4.85328613780439,55.8950369944796,1374
-0.484160659834743,46.1410609981976,99985
59.451156896539,110.539423439186,8
10.1611437415704,64.9070751550607,303
42.0061065279879,87.766559754964,14
-0.96234900644049,104.689628272317,1e+05
38.9769104216248,39.211810012348,0
42.1318743890151,89.2546590208076,14
-6.19612568989396,20.1260218420066,99920
19.9990296713077,23.7939070910215,32
-5.94659640220925,74.3350735027343,99998
1.91406273283064,51.1533804656938,6347
61.785661703907,101.886219186708,7
-1.25079147983342,104.882864649408,1e+05
12.5042314897291,103.94998023985,225
67.5541476835497,86.8939779466018,1
-6.91665080375969,60.4385687457398,99993
11.6527434694581,96.7107750219293,259
22.1496717026457,94.9265644652769,62
108.657705904916,113.318596254103,0
36.262877122499,96.3474107231013,21
56.2965940404683,95.296098862309,8
48.5692381928675,66.7206921777688,12
-6.48508916608989,56.0132744838484,99991
-2.23652179120108,94.4180163624696,99999
-12.3518924578093,12.0390011090785,99775
6.23845352558419,51.5350473299623,709
81.1444685398601,108.623914849013,2
2.27217260049656,69.7490780404769,3318
16.6198451118544,114.499509446323,127
32.4303995422088,92.710428358987,26
15.9509900491685,83.5989205841906,143
-9.56672806525603,69.0070125949569,99997
-9.44157633930445,25.566883594729,99950
-12.7241761563346,21.1791841057129,99930
-4.28834645310417,110.651459805667,1e+05
-6.76888517104089,41.7651946865954,99984
-9.70416931901127,81.1895086918958,99998
16.919861335773,104.196995589882,127
7.22004514420405,7.55069365724921,0
3.89994029887021,46.8073667096905,2048
-11.0071441484615,-1.58126819180325,0
62.9192951857112,82.2867472539656,4
-0.996764248702675,19.1467290162109,99910
-10.6293520098552,9.37377308728173,99638
-11.2726324121468,-0.561393143143505,0
23.3237572549842,35.304278426338,35
2.22556505119428,72.1386525081471,3319
-8.46274749143049,64.3626941181719,99996
27.8567608934827,66.7283649602905,40
47.1761352661997,70.6898668734357,12
41.642185812816,62.0243515726179,10
42.3232639953494,108.103576700669,16
-0.678912827279419,84.2703759693541,99998
-4.25994430901483,40.6660329876468,99981
58.2556728483178,109.465291425586,9
9.54413679661229,84.6185040613636,360
84.3655583052896,90.8553624199703,1
-9.20743898721412,63.8771405722946,99994
60.8795696962625,98.4308299236,6
56.8764623813331,81.2201888952404,7
-14.5393736520782,13.2618175703101,99810
4.93185604223981,82.9727074806578,1382
30.0297464174218,113.048549813684,33
68.5083000129089,89.123183102347,1
73.5858939308673,92.8478091373108,1
71.8792481999844,110.722894577775,3
-11.5156427631155,2.97084344318137,96679
24.6068819169886,31.1783661227673,26
47.0829151128419,95.477159912698,14
37.5320641044527,104.331496974919,20
34.5252982992679,80.9646153938957,23
-8.82777204969898,46.6501861903816,99985
28.5552148357965,56.2351637450047,28
-8.32873753737658,71.7972328304313,99997
-1.22482636244968,103.874202102888,1e+05
41.3186564203352,43.9759721187875,0
-14.3573045567609,80.6840029149316,99998
5.8660450624302,33.8061072770506,924
-3.0596087872982,79.807509847451,99998
55.3410904575139,56.8486087536439,1
36.456019487232,47.4610979808494,7
-1.21009629685432,28.1980295944959,99963
-2.98741383478045,44.68342064647,99985
41.8285962147638,88.2352926861495,14
12.0130078727379,49.3395963334478,212
55.3150949510746,81.0144291096367,8
8.78335335757583,16.8219959852286,314
93.4115503937937,114.390138781164,1
81.3649237947538,114.724967030343,2
64.0488934307359,76.2031943863258,2
48.2722943206318,111.318941307254,15
59.2055711033754,98.3331193029881,7
1.06307688867673,78.4112358652055,6358
5.00448730774224,106.734572416171,949
23.0850219842978,70.3431138861924,55
19.0144335315563,69.2600932554342,87
47.0198818552308,92.1291817352176,14
87.8776068123989,97.2550585656427,1
-14.0868694148958,61.6130532603711,99993
1.65317786624655,29.1213693888858,6324
-1.50692660361528,86.9049654668197,99998
7.22274329280481,111.066578088794,565
-9.83430149033666,39.021979237441,99981
-1.66103138122708,23.5547683178447,99942
7.29869616683573,44.1970294644125,550
33.6264281417243,74.2840949841775,23
19.2539745057002,70.5969275161624,87
1.44474251195788,86.136163463816,6358
7.04862986458465,67.7252877061255,562
-5.55625143460929,67.1367150195874,99997
2.54678741795942,112.88908763323,3321
-12.7731055626646,34.3428074498661,99975
-0.419289954006672,15.4622072423808,99855
-14.032338464167,7.593052550219,99435
1.48173001827672,29.7485579992644,6324
26.0976094123907,105.945663694292,46
52.9090486466885,95.6100622704253,12
38.7748823454604,87.2861842135899,17
0.594511369708925,96.8374211993068,16770
-1.15372880594805,114.832353084348,1e+05
19.3194078933448,101.387977090199,90
19.073953977786,78.9076733845286,88
37.142311995849,51.7383713601157,7
26.5563460998237,84.049726696685,44
52.3758524772711,55.7291691098362,3
90.3637079079635,112.748109928798,1
13.2257714588195,81.7652353132144,188
-1.09276018803939,87.5570860272273,99998
46.2992033734918,77.6511431415565,13
-13.8206591689959,107.436132640578,1e+05
22.8736560838297,38.1512616039254,44
18.4324855683371,39.771948561538,78
17.9519676463678,43.7690988346003,93
11.2365906569175,13.3923941059038,70
59.5179673866369,93.0205513653345,7
106.463378698099,108.211356480606,0
-2.13293951470405,73.5353207611479,99998
91.8551007239148,106.51305956766,1
-3.7026753462851,3.31886217696592,97937
-3.3740890212357,71.5317869116552,99997
107.892723388504,111.039955490269,0
26.2229217705317,79.768720488064,44
-12.7958831586875,-5.43562156381086,0
98.8879420375451,105.981594212353,1
23.7608390464447,99.9324815277942,57
8.95839670905843,38.5313519905321,422
41.1715975147672,105.881214712281,16
2.75148519081995,79.636844669003,3319
-7.8537217900157,55.0774600123987,99990
17.8994212159887,61.1924934294075,102
92.0739477802999,96.5721236541867,0
22.8296016086824,41.995376709383,47
-14.5422544074245,40.906300030183,99981
26.1462226393633,50.7213807594962,33
26.7427219054662,81.9952850649133,44
34.9899350642227,114.288529765327,25
71.3198926229961,84.730722156819,1
-14.7176155121997,33.6223080335185,99975
-2.2954771341756,104.761070127133,1e+05
16.1441746074706,51.1669347411953,114
30.7457209518179,109.507686095312,33
25.061763220001,50.8175874548033,37
53.7708154018037,56.0591576900333,4
68.5119811748154,75.682629016228,1
7.97404286451638,101.270105934236,565
-12.8843200323172,2.75047094095498,96679
17.2168200090528,80.4434869787656,107
21.9125186302699,49.0522377868183,57
24.6402903553098,45.3034182195552,40
19.8619160382077,82.9876466072164,88
50.4584490810521,64.6603916934691,9
27.8099358384497,80.4663061327301,41
7.70403507631272,79.8943309555762,563
28.5603377223015,59.0682463813573,29
-13.9508239994757,45.2936207153834,99985
56.9455707259476,108.847425354179,9
29.4858046295121,38.1220576609485,17
-1.39134606812149,58.5164204798639,99991
2.77309828670695,5.93689342262223,2372
51.7117876559496,58.604322609026,4
13.3333108201623,90.4766290984116,189
3.95852833986282,94.4432189082727,2062
56.1408773413859,65.0699368235655,6
46.0551619133912,109.434820767492,15
98.7583776330575,100.523901795968,1
11.4253153186291,110.612656371668,260
11.187732713297,43.4132791636512,244
43.769223538693,77.9836820415221,14
1.4767108601518,52.1986864018254,6347
32.8429869376123,96.9176632585004,26
-10.4106270847842,63.4228373272344,99994
28.9267301815562,84.5633028866723,35
-9.5440012589097,79.3229410704225,99998
41.7502613412216,70.8253442193381,13
-12.2132769878954,23.4876949503087,99942
67.7230028668419,102.826011385769,3
12.8820644295774,60.9628967894241,218
10.3346523246728,69.4218588294461,304
70.3569402103312,102.766583045013,3
37.9437723965384,51.9610000075772,7
6.02956720860675,62.6981589919887,716
-6.32362333592027,97.0082352962345,99999
-2.05142937833443,90.9475907823071,99999
12.0846280665137,52.704641809687,212
17.0901039126329,114.770672745071,109
-4.2349647777155,51.173446837347,99987
-8.93843630794436,78.2391501194797,99998
-12.9691664269194,108.178642299026,1e+05
76.2939532683231,111.368254390545,2
94.0227623516694,100.680989543907,1
24.9395151925273,108.848807571921,55
65.4902983084321,94.3199354433455,2
99.2427311139181,103.087224205956,1
-11.4234358002432,105.978159310762,1e+05
27.6440375950187,114.583104017656,43
20.8359628170729,23.4972904762253,22
12.2514109220356,36.236363730859,203
-12.6251890743151,57.6994362962432,99991
-4.97944100759923,65.9995085839182,99997
113.598986505531,114.529026814271,0
37.2773042367771,51.4321489282884,7
50.9921348956414,83.4422629442997,11
51.8938827817328,103.296502493322,13
8.60282935202122,38.7848290405236,422
108.362810902763,109.098878747318,0
11.5611061197706,52.9958851309493,247
59.158335160464,80.533071947284,6
71.6522457683459,91.0750968428329,2
2.560875560157,35.7570098550059,3298
90.7270605233498,106.558349521365,1
-3.41892928350717,70.3692729002796,99997
66.2040688795969,73.3243922330439,1
2.56857534172013,17.2570924996398,3212
16.4260722347535,87.0787496701814,125
50.5740272253752,114.781151763164,13
-14.1169243725017,54.0564461005852,99987
17.0966138597578,54.802681626752,96
-7.71303232759237,7.6625932729803,99435
14.616410874296,24.8330148402601,109
14.1151770600118,109.402892070357,164
72.1847797045484,112.533528297208,2
24.5320952683687,70.8031096612103,52
86.9327630684711,87.9094226099551,0
61.0819025710225,105.897784617264,7
36.8447035900317,98.6348689440638,21
16.2080734386109,62.1987546654418,121
-0.128832389600575,79.8384689097293,99998
57.0275746239349,67.4284737138078,6
18.9580787229352,79.9577221926302,95
62.7169457543641,80.1993909152225,4
-0.659578789491206,14.8231711075641,99836
8.12744481954724,65.7585526723415,438
7.96128708869219,36.0998716508038,543
76.773531823419,88.3566238661297,0
70.4655344109051,103.138916019816,3
2.72156386636198,97.8223842475563,3320
59.586585147772,108.305836115032,8
3.54601933853701,58.6190746491775,2054
17.5325333909132,49.7510780999437,96
17.1103909681551,37.0109612355009,89
77.8494745888747,98.8792935363017,1
78.8604582054541,106.78105392959,2
51.5135747683235,63.9046448469162,7
67.0507354522124,98.9519929047674,2
-4.34377736179158,19.0255695767701,99910
6.05300803668797,109.343504561111,722
21.9391355081461,30.5913463048637,37
-1.64915749337524,9.17823976371437,99638
20.3914551995695,77.8764226287603,78
113.305205516517,113.49404229084,0
99.3862316850573,110.244993201923,1
17.1033828705549,68.5808955924585,106
63.1965902633965,77.7848949399777,4
4.65422580717131,10.5566347204149,1077
36.9871672405861,71.3108868990093,19
18.0357620771974,25.2148308046162,47
36.1364649166353,100.966189287137,22
32.4778494797647,49.8626512149349,14
53.7549333064817,80.8212824771181,11
14.5668848860078,41.9136254582554,148
13.93337208312,63.0198860773817,184
99.1981582390144,106.680077242199,1
72.4334350042045,73.598164813593,0
-11.3912122324109,4.0533879888244,98616
-0.714751118794084,41.2318505370058,99984
3.64156843163073,82.4701757146977,2061
4.63221265934408,64.4177229469642,1380
61.5606000856496,104.219116037712,7
3.21341094328091,21.4277125219814,1993
13.6097212252207,104.611647685524,190
63.5553227132186,103.043024595827,6
6.05680672917515,25.1209551678039,672
3.92520940396935,86.7675959784538,2061
44.6496576792561,60.225757972803,8
70.3411544882692,74.410018241033,1
35.0442969077267,112.947285096161,23
-10.7506444770843,14.3419486982748,99836
73.1634247349575,100.490439359564,2
1.07265840051696,72.1414971235208,6358
14.019355464261,99.8964107478969,163
-2.32917911140248,40.305801818613,99981
21.2324606906623,60.7447964139283,63
48.044480253011,94.0847509098239,14
55.5072723724879,80.0616982555948,8
20.210977231618,99.4873600453138,79
-3.54562764288858,29.8076376225799,99964
7.32527082087472,38.7400304875337,546
52.2397017898038,96.269823377952,12
6.6078325570561,65.1760254707187,719
48.3995467657223,57.6196119352244,6
41.7167582549155,84.925660865847,14
-11.8731208774261,62.3341350629926,99994
33.5023288335651,84.4023849675432,23
-9.88961159950122,99.7514334623702,99999
-4.82744854176417,69.3320363480598,99997
91.5522296843119,105.827334129717,1
53.4446198539808,77.806793039199,11
26.0923589766026,53.0299492948689,33
4.30323911597952,86.7730384645984,1382
5.45591957401484,47.5357460323721,934
-9.37668608035892,21.1317614396103,99930
-3.49531317362562,35.716688844841,99977
71.5708451112732,92.7647612662986,2
22.3253977485001,72.5926638790406,61
-2.29000716470182,81.2213974352926,99998
2.65043522464111,75.8762660808861,3319
45.1757222576998,57.3692263360135,6
27.073693680577,54.0646569873206,30
18.4365392080508,58.691053094808,88
-0.95846728887409,75.5340801994316,99998
100.09777068859,105.478550826665,0
0.66246441565454,22.0077697956003,16708
51.3114605797455,89.3027168302797,11
35.0331825949252,80.5416810698807,21
-4.35415988555178,96.411642502062,99999
1.42096292460337,76.9042872427963,6358
-12.1311918203719,74.2902624793351,99998
9.04977711383253,112.238067011349,362
8.0284193274565,75.2049386384897,439
42.9298285767436,71.8045402178541,13
27.0188306295313,75.0412170565687,41
-12.1902116946876,97.2761767799966,99999
13.8249104865827,42.9554282687604,174
27.4510233243927,99.5338556030765,42
46.5171994152479,59.9415165442042,7
-5.9277324564755,12.3788139200769,99775
23.054647850804,29.6953219128773,22
-12.3952393885702,61.6661802004091,99993
13.8175010355189,111.40479716938,190
-14.3806044571102,43.8409121381119,99984
9.25496843643486,44.337859400548,347
10.3562819166109,73.7044970272109,305
48.6105523258448,68.9358463301323,12
-0.947349979542196,8.6666990048252,99559
12.1965695428662,80.4276606673375,223
21.4554608776234,74.1336562042125,68
85.5326969013549,85.7088377093896,0
32.1636986220255,66.4685435593128,24
0.246209418401122,50.4351709131151,16758
26.0922738024965,95.3868819586933,45
9.95966272894293,39.2931508901529,343
15.2594650839455,103.536923418287,145
27.6189797301777,97.6449444890022,42
103.606294125784,104.358815464657,0
32.3341332189739,71.7475628573447,24
-4.60472706239671,74.4962936476804,99998
26.8051015865058,85.3207230987027,44
26.3667777786031,50.1322234165855,33
63.8500707945786,66.0266819084063,3
16.949810537044,90.5346405645832,126
27.4389075348154,27.4392518028617,0
-14.760294125881,5.90451884781942,99051
4.65188354952261,28.8713573268615,1347
-8.48471451085061,-2.21340955235064,0
37.5278996839188,113.63123728428,20
-8.84026591666043,-1.20747300097719,0
104.075959280599,104.665866906289,0
-14.4055108609609,71.9950637058355,99997
66.1840012972243,98.7174906115979,2
21.9284604745917,87.2664678003639,68
51.6347539122216,101.851672641933,13
35.3245463827625,36.7913531814702,1
-12.0592954009771,20.3703166753985,99920
-6.65164982434362,31.0530355130322,99971
40.3240297734737,59.2627122439444,11
40.0517684430815,74.5577626558952,17
14.1021443926729,59.3866270082071,156
51.5244205133058,114.628673254047,13
-12.1256636758335,75.6397321401164,99998
22.9331732005812,53.6533614899963,50
5.15276274411008,113.097359298263,949
-8.82726106559858,2.3471601982601,96679
77.6452597416937,89.8077111691236,0
12.0440641255118,69.0005128481425,222
101.50943869492,107.333763202187,0
79.6974748303182,105.70034253411,2
-2.42512837750837,3.55971526820213,97937
3.38842372409999,3.95193718373775,0
37.6760016242042,46.2780127278529,5
2.75665008928627,9.73291739355773,2959
2.62528440682217,76.1368393688463,3319
50.3525134385563,84.5763829234056,11
97.0472188852727,97.8738478710875,0
58.440243259538,81.2859221175313,7
-0.76167103368789,103.655963130295,1e+05
52.7239658893086,107.977346375119,13
-9.75755444495007,52.1782661066391,99987
31.7939327959903,57.8680417081341,20
34.9872876144946,107.637429200113,25
84.8044337471947,102.100809868425,2
52.076673374977,93.6437327670865,12
1.00692702457309,21.1911853007041,6290
48.5556604294106,81.5724839200266,13
21.7355559556745,34.9806032935157,45
14.3209885735996,63.9244770957157,158
44.9525514501147,112.951056729071,15
68.4067748999223,92.1385788242333,2
15.0703140371479,69.0241396124475,142
11.0542832617648,112.254031375051,260
56.207312811166,63.9735700702295,3
-13.0337464995682,-8.72186942957342,0
-5.41142860660329,64.6991898003034,99996
-11.7510787327774,57.6137794461101,99991
20.0823041889817,66.7966823116876,77
8.39597607497126,34.8215507902205,416
38.158801025711,107.173248089384,19
4.29683895083144,82.5934820924886,1382
45.9021998732351,57.8788155363873,6
-6.40087455511093,-2.15996821876615,0
74.5374486013316,94.8586185020395,1
5.92462217668071,35.6554256589152,926
96.21258395724,114.637444068212,1
65.8405865053646,91.5451254555956,2
18.0431985575706,63.9975997922011,91
62.3797061457299,112.036053100601,6
62.2243234235793,71.272302120924,3
88.0361354677007,105.655570132658,2
61.3386172661558,112.877319199033,7
36.0411001252942,73.8768525817432,20
-14.425851944834,63.6701737600379,99994
50.5152466194704,110.685409617145,13
12.2831771103665,46.9021008675918,210
-9.81722023803741,113.521802632604,1e+05
-10.3565647429787,103.862345679663,1e+05
39.8746894486248,66.0579000948928,16
-7.65292059630156,54.2074838234112,99987
4.53252971637994,93.208310387563,1383
46.1314466455951,113.242780342698,15
-8.97393223829567,35.590933393687,99977
8.17064604023471,108.217331380583,441
38.2826289208606,88.3803272992373,17
6.39340217458084,111.397852362134,722
33.3430133317597,64.3401634786278,21
37.1150711737573,41.0276789125055,4
20.1925119757652,45.2202836913057,65
48.425334119238,69.6093247970566,12
32.7706206985749,87.7649379661307,25
63.1831617816351,90.9923402708955,5
13.9821934024803,81.334510887973,188
57.8568990039639,81.2216508388519,7
-13.5533318528906,19.0886008064263,99910
-1.85004722094163,93.4870542422868,99999
27.7153782336973,98.6748832184821,42
39.9490557354875,67.5065022148192,16
56.3345351093449,73.98926430149,7
53.9180503762327,96.3091972121038,12
-13.7170942057855,113.704523004126,1e+05
-6.07600568328053,57.3275027680211,99991
27.0215726364404,35.7173166936263,20
57.1954128635116,78.8070163875818,7
56.7512943712063,88.0304614920169,7
49.5069485600106,88.884999465663,11
26.9586204667576,72.4695626273751,44
7.95528016518801,104.751047247555,565
-11.8018616293557,59.7731708618812,99992
26.4733698125929,60.547698084265,39
-14.2674619471654,44.8052552132867,99985
18.4986771387048,74.3675676360726,95
92.9987173434347,113.599832192995,1
4.95342751964927,94.5813345932402,1383
-4.55165006453171,-1.58673619385809,0
6.14337355596945,65.9183468017727,719
47.6109977788292,59.2349862260744,7
90.311555354856,91.1413979227655,0
80.77570164809,114.921379366424,2
25.5616277712397,66.2010069703683,47
5.68539947038516,23.0480592674576,891
2.88736785529181,46.0759654315189,3306
20.5551319848746,102.426995700225,80
24.7001618798822,68.1041492125951,52
59.5580494613387,88.8845132710412,6
4.52815335942432,114.015402225778,1384
-0.863182435277849,18.1119580939412,99903
78.5098992008716,86.3984190463088,0
14.790444788523,62.5377239985391,158
27.9037904692814,106.60386554664,43
20.7003796542995,96.0378524567932,79
38.8182529760525,48.3255512616597,4
-8.66845306707546,78.7367124273442,99998
-8.70741259306669,-0.959215846378356,0
-14.5770088932477,-7.36456871498376,0
11.8029200378805,88.9436538843438,258
0.485973649192601,94.419712217059,16770
16.7324398015626,78.3339225966483,125
9.4329172722064,83.9660144131631,360
-9.51941297156736,69.0268435422331,99997
19.6057885116898,27.7633964829147,47
38.7522026360966,49.915696491953,6
3.27577161602676,114.092101841234,2063
72.3261036141776,100.335961377714,2
56.6823004698381,100.396364801563,9
-0.135134879965335,76.4739293931052,99998
94.8857837449759,106.91844197223,1
-3.73141718795523,9.47471826570109,99638
39.2158960085362,39.7298027551733,0
24.9504617601633,85.7277472992428,53
-0.392031606752425,15.9048460843042,99855
76.5193374827504,94.3756288057193,1
-7.43888136697933,52.3711106646806,99987
-11.6120791318826,110.292573745828,1e+05
20.5007151444443,108.968857477885,80
6.81210945360363,45.9886166010983,707
-8.06333562824875,76.2544797919691,99998
4.82455634279177,13.4733559074812,1194
49.2111537209712,106.340606247541,13
7.48832063516602,108.968146664556,565
-9.44946193601936,42.3168424912728,99984
-10.8321022801101,40.5350920557976,99981
10.0888805044815,105.218050091062,307
72.6849624025635,114.458377617411,2
17.9081914550625,85.6187795614824,107
-8.44342931406572,114.2248204723,1e+05
98.4802989475429,99.2532948823646,0
35.0165458582342,48.8042684202082,8
45.2110617631115,50.6757246539928,2
107.377073629759,108.700490214396,0
35.6924434029497,102.443354697898,23
-12.9109556763433,56.774535945151,99991
98.8712456123903,103.94282216439,1
40.9041521535255,94.4786827545613,18
1.9129260792397,55.4246524302289,6350
7.83578655449674,16.9249477190897,438
-14.9159206566401,26.0858623171225,99954
-9.56592811271548,2.83651449484751,96679
56.8305483320728,99.4058249075897,8
-4.00343791814521,54.5296702557243,99987
60.7978997449391,108.147284244187,7
6.20886741904542,46.8798749055713,707
-2.78926829341799,33.2904005842283,99975
18.4201594768092,52.582364694681,84
29.4263829477131,63.5930385277607,30
-6.81586217135191,3.5518387821503,97937
11.5088709350675,56.4443264086731,251
43.643594395835,108.428993211128,16
11.1824974115007,53.4550881874748,247
-6.62539658602327,107.034264802933,1e+05
33.6469004373066,61.9531649071723,18
45.262710202951,74.5474511408247,13
49.1823279461823,66.310858593788,10
57.1241640881635,76.0501208691858,7
39.0580104268156,46.3548358064145,4
35.6420870730653,93.8375969021581,22
4.91361501161009,64.6569355740212,1380
25.0948384683579,73.6764855217189,48
25.3040857007727,38.7142910482362,31
-8.6874909629114,59.1219448717311,99992
61.6258839494549,106.554427638184,7
-10.9617962921038,66.7793037672527,99997
11.3648228161037,80.1810308406129,258
12.1832367684692,36.442771947477,203
36.3213560776785,46.8531598383561,7
32.1230539563112,71.8647809815593,24
-14.7976698493585,44.6358514227904,99985
43.0831261677667,73.3383824885823,14
-8.60175759531558,70.1121001597494,99997
19.2570349923335,101.107071223669,90
-3.36484865983948,82.1254136040807,99998
-1.94868237711489,93.2987441308796,99999
52.5244958815165,71.2001978815533,10
27.1373187680729,87.9719845042564,41
-5.70592164993286,71.7304944084026,99997
13.0957499775104,30.1247783820145,157
59.0929474169388,102.704735021107,8
89.3596077151597,99.7689601383172,1
25.8813116466627,62.696760611143,44
36.0786455008201,43.7410659901798,6
69.7462737117894,79.4452789030038,1
64.7051060409285,69.2792198969983,1
21.0535973985679,56.9856579462066,61
-1.63713822839782,1.05973539408296,93640
24.7781204315834,43.1042112689465,39
7.09646904841065,47.6818185648881,550
25.7847904367372,97.2767328633927,49
2.96192107722163,34.7563111782074,3296
55.5484106484801,66.6827771393582,7
-0.603483407758176,91.1893694382161,99999
41.4822176727466,59.2945713549852,8
12.0733573893085,95.1249244553037,224
59.1323338123038,81.891551297158,6
1.62605218356475,12.0897285547107,6135
-6.25719973118976,55.8697624108754,99990
75.9738708846271,78.1353747029789,0
-2.64672340359539,53.7456343462691,99987
-5.0132716842927,103.181024566293,1e+05
-13.6245037778281,20.1812297361903,99920
10.3253058739938,113.99805119494,307
13.1352457916364,112.457091468386,190
23.7448046728969,84.7888238821179,56
-13.3726104395464,51.9223582954146,99987
27.3302407213487,106.4031189261,43
7.79114781646058,77.8064485895447,563
4.9264478799887,53.0038989731111,1371
83.0255197850056,94.0858078678139,1
-0.578599402215332,47.9501419700682,99985
43.1221982603893,52.9610931128263,3
-14.7763679386117,44.7231161384843,99985
-12.0379626471549,80.0828332081437,99998
-1.78270071512088,49.0106903482229,99987
54.2633099411614,111.87276580371,13
45.0890014879405,106.144139973912,15
72.1271288208663,111.14857329987,2
-11.0487993410788,-5.44957304606214,0
66.2556110485457,69.0190594037995,0
62.8919631056488,82.1161464857869,4
87.7191359689459,112.548055869993,2
2.50017690239474,17.8060465748422,3212
-6.80355702526867,88.7436824268661,99998
12.6705856597982,51.4793419814669,212
-14.5234483643435,20.584429607261,99920
1.09997477149591,82.6373219373636,6358
12.8570399503224,49.5897585549392,212
70.2314137062058,111.000246226322,3
26.118738038931,88.3040344854817,44
17.6235104142688,37.605594964698,89
15.7991391164251,29.858433897607,109
-8.03270521573722,29.6550198504701,99964
-10.3406739002094,96.0652846028097,99999
27.1997356181964,89.9228666210547,41
13.1560673494823,17.9756658128463,81
39.1479970514774,72.367332179565,17
-13.3496002643369,41.0529500455596,99984
-5.47792261466384,66.216711725574,99997
30.1121381996199,46.0867319954559,18
55.3500224486925,89.5003792946227,8
44.0344985947013,76.8073311424814,13
8.39502523653209,32.3552086343989,414
39.1277759196237,49.2883003037423,6
-5.24070473853499,69.4431771454401,99997
4.25509791821241,6.83416055748239,662
30.3853016672656,53.3893608069047,20
-4.50585121521726,54.923493983224,99987
18.8417440908961,96.6308902157471,96
-14.3521103286184,46.1822491558269,99985
14.7098431154154,64.6762048988603,160
39.3542390665971,74.4161786232144,17
78.5155939403921,97.611979143694,1
-9.81808021198958,0.917973597534001,83229
4.04363458510488,48.1811295147054,1369
21.0436539724469,40.6763485888951,51
4.75675699766725,14.1988789313473,1220
-5.03038620110601,62.6962196314707,99994
103.073324572761,104.494494153187,0
60.7340894173831,82.6289821695536,5
-9.03659292729571,85.3130369680002,99998
29.8376410943456,40.8925675065257,17
53.6645660013892,81.9966564769857,11
11.2280022981577,91.6602490958758,259
46.201223731041,104.079411888961,15
20.7520342688076,41.4512524963357,64
-6.65856866165996,3.97165689617395,97937
21.2635001749732,23.699896519538,12
-0.673437137156725,99.0506208874285,99999
-14.6187464147806,21.6130857612006,99930
-4.82717286096886,38.9998464100063,99981
58.6828750185668,89.717946771998,7
19.1665401379578,47.9286444373429,75
61.8151220469736,87.806424505543,5
52.3362054140307,75.1627325080335,11
37.7442328934558,73.2210957468487,18
70.8093061228283,96.9305693451315,2
36.7583564179949,70.10016603861,19
29.1061831847765,79.2275626282208,34
39.148162859492,103.694779609796,19
2.62417224003002,48.8318590796553,3306
16.9669073773548,93.6798301525414,126
-9.04875251464546,110.498887707945,1e+05
104.492033517454,113.269642966334,0
20.2420496777631,28.0595469404943,43
-10.269160522148,95.6682176003233,99999
-2.95873955124989,50.7106169499457,99987
9.43057810189202,47.6697455137037,347
81.6745140240528,91.6130135161802,1
6.35186021449044,37.9261613031849,702
47.2530211508274,85.6274327239953,13
6.6422121739015,70.1230423990637,719
54.8955160146579,112.702675475739,13
6.23805698473006,13.889526638668,532
16.3769375509582,20.5727250990458,47
-12.8014609729871,91.280238465406,99999
84.261826898437,84.3027916480787,0
-6.88858103239909,59.4648175640032,99992
32.2535545192659,92.3337671230547,26
9.31283961050212,107.123506381176,362
6.02231787517667,82.3051920789294,720
0.821556933224201,63.3438458805904,16765
15.943250162527,47.9940321506001,130
-3.98757313610986,80.5073699192144,99998
-8.90812719007954,99.81719462201,99999
51.48532114923,76.6549905040301,11
67.1400530636311,114.613575886469,3
44.2148708668537,53.1568697001785,2
-1.28113985527307,49.5259039453231,99987
-10.8822281192988,66.5380995674059,99997
1.9072844600305,78.263389961794,6358
-7.71159084513783,97.5024460908026,99999
-10.3593423753045,17.4055075924844,99891
56.601658964064,106.393753679004,9
-3.2921207183972,23.1591086252593,99942
16.346191726625,47.3681335919537,112
90.4690059856512,108.392362715676,1
-3.80167592782527,4.57378110382706,98616
89.7349022002891,114.360183284152,2
10.9075697441585,26.6013995092362,261
100.969341394957,112.837290819734,0
15.1235504262149,66.3125011767261,142
-7.64011684572324,36.9304189784452,99978
5.40713124675676,101.795078958385,949
83.3473018673249,113.145010427106,2
56.8216506950557,90.0885149720125,8
13.5976353706792,110.763040669262,190
2.76596206473187,78.4812883287668,3319
3.25511529110372,54.7766284295358,2050
19.7436867211945,100.24525827961,90
96.2159062316641,114.623470762745,1
23.7113889399916,24.1999505180866,3
45.1888474845327,91.5975115564652,14
30.7785626221448,56.4558310573921,24
43.4950508153997,77.0181111153215,14
-3.06238257559016,53.9295993372798,99987
61.1461466387846,109.695810119156,7
0.862438203766942,18.0845674755983,16674
-1.21456675697118,-0.688787181861699,0
14.8148570978083,37.457373556681,144
53.8193420926109,103.292351753917,13
34.4361261860467,49.6443500719033,12
29.3857166706584,96.8029529275373,35
50.4830229305662,71.5211995947175,10
15.4213065095246,65.9589837794192,142
-8.20509479148313,25.6212647794746,99950
-12.5802021939307,106.255454448983,1e+05
42.3896618722938,52.5831401301548,3
-14.22031508293,53.9372884039767,99987
-13.2233655196615,31.6573075065389,99971
-1.40182844595984,78.1211751443334,99998
16.9962181057781,43.0574691784568,111
31.9077755557373,42.033628327772,13
-14.4740419345908,29.9094846658409,99964
64.9265687353909,74.2855019611306,2
91.7677448107861,91.8704414158128,0
26.4713472453877,89.4623378268443,44
12.2877847147174,16.5745474398136,98
81.1538053955883,105.731689692475,2
8.67017964133993,80.80053916201,439
5.06586469477043,106.736369032878,949
36.6477196128108,66.381345433183,19
-6.26923310104758,88.7292460212484,99998
48.8601858867332,50.6456748722121,2
49.7556502907537,109.981853340287,13
12.3512163292617,84.8807023162954,223
25.2276467531919,64.2337724543177,46
0.107491461094469,57.8995285532437,16762
79.1741063725203,104.66388523113,2
1.88219311879948,70.0502516212873,6357
7.32609604718164,81.9593355688266,563
-5.73691464262083,2.22803667420521,96679
-10.0923185865395,-4.5945021440275,0
32.7708237967454,66.6505845356733,24
-11.5844331122935,82.7948814420961,99998
-0.229586788918823,66.178291332908,99997
-6.35942524531856,23.9990933588706,99942
18.7931182421744,87.4575965269469,95
-2.27563477586955,35.2541163866408,99977
21.4908182411455,84.2099398258142,68
2.3431297740899,6.03228451684117,2599
15.2385957632214,72.5899624009617,143
-6.55462725553662,77.4140503024682,99998
29.2638976313174,60.3251275210641,29
10.5040100775659,61.1813189741224,300
-8.20744216442108,-4.27011147607118,0
-2.57879209006205,-0.925936168059707,0
-9.11101185018197,-3.97200243780389,0
108.187650202308,112.285620858893,0
41.7546760779805,78.4098569164053,14
36.3119924650528,69.8545771278441,19
35.4997434047982,98.0985752702691,22
76.7513645207509,103.011755559128,2
39.1561661986634,108.433783997316,19
-7.93316480470821,22.8395760594867,99937
-5.06105817155913,20.2081067673862,99920
50.5989678320475,112.259185952134,13
56.6969986935146,73.6524341278709,7
30.0403097923845,103.795824036933,33
24.0509751648642,49.5961958286352,42
42.1012938581407,93.1190945068374,15
6.18039795896038,22.712898736354,659
75.2488186489791,111.973012820818,2
50.999663178809,89.9129600916058,11
83.5442779446021,110.770699467976,2
48.5051713138819,74.2437834478915,13
-6.34527426678687,84.3191899941303,99998
44.1243562474847,86.6526270983741,13
-3.89351655729115,24.7147998702712,99945
87.9510865500197,90.8495198818855,1
9.76738863158971,60.3946051350795,355
-7.61611336609349,61.8535218876787,99993
-3.08238353813067,59.810583118815,99992
53.8629701826721,64.0824333229102,9
-11.8458676454611,5.07419610861689,99051
4.28194204811007,27.2720444994047,1341
85.9151819697581,110.073822971899,2
48.6091379029676,75.6363141583279,13
22.112231538631,110.361462375149,63
-5.54034230997786,100.556245103944,1e+05
72.6201299857348,93.5548452031799,1
25.7048807805404,107.188929750118,50
-4.61927742697299,84.4817945058458,99998
47.8587245778181,106.217932319269,15
-10.2066465420648,36.7602961417288,99978
6.34985132841393,51.3618466630578,709
72.9597212653607,114.330596118234,2
14.8837354360148,80.9071647934616,162
56.6656969673932,90.835858064238,8
21.633352113422,49.3123884126544,57
77.7210249239579,93.4788271319121,1
85.2352076605894,88.0176613735966,0
55.5756332795136,79.9308681953698,8
46.2795673520304,80.0849939486943,13
31.9493737537414,83.4495666995645,27
58.9953170064837,75.0869082123972,7
42.8886024025269,53.1087599205784,3
4.38951988006011,96.2845784449019,1383
97.5530624832027,106.620042391587,1
24.2030643974431,81.9472268922254,53
4.1790819959715,51.9844284560531,1371
88.0821288493462,90.2317704027519,1
14.3800130486488,102.404541668948,164
31.8247918225825,44.1281475545838,14
0.277747688814998,14.9134225468151,16607
-9.82878515031189,2.47263337019831,96679
67.563224749174,72.4844858027063,1
99.5073850709014,100.857287200633,1
70.5807890812866,97.7659358805977,2
21.8108196882531,27.858672013972,27
11.8170004920103,55.7756264996715,250
7.99128859303892,89.3576189270243,563
3.78358983667567,108.945811495651,2063
-10.1667086035013,74.205768161919,99998
-10.3219385631382,20.2048523840494,99920
-10.9351652790792,82.223744597286,99998
13.8302279356867,34.2293749423698,165
6.90803656354547,56.7354820738547,713
5.95613408368081,93.964394449722,948
18.3235086593777,56.2818532600068,88
22.5649007363245,101.788275865838,63
81.2666175304912,86.7428117361851,0
95.1186754787341,112.325680989306,1
-9.50654456857592,25.6741559924558,99950
-8.56830829521641,8.25371503829956,99559
15.3158492827788,65.543438445311,142
41.0057489410974,47.283946161624,1
-10.1709306845441,14.8260003165342,99836
56.85556512326,66.1428119591437,6
49.9990576668642,80.8694491907954,11
-1.49945870507509,47.4617119668983,99985
-12.8310091234744,5.11000973172486,99051
55.4322711238638,74.0181159554049,8
56.9943565409631,113.11234963825,9
75.596833024174,93.2360346498899,1
24.1729148221202,79.6336136525497,53
12.7363983960822,97.2946939757094,224
11.6252839309163,42.4462836142629,244
30.260331670288,52.5755486171693,20
12.1593544213101,53.0647064442746,212
19.1863638209179,112.024603690952,90
56.4639235963114,61.127169248648,2
68.4537985431962,79.7795420791954,1
-3.44064553268254,109.901923434809,1e+05
3.89443661086261,43.6659591970965,2047
63.4928232617676,76.1081592738628,4
34.4809731375426,73.9242902607657,23
-1.10395280411467,98.0374243180268,99999
2.61631960514933,7.79829647857696,2756
-7.47194263152778,112.984115844592,1e+05
51.874099385459,108.961957315914,13
21.9994552107528,103.301305235364,70
47.5956567842513,82.7083802362904,13
-7.1596757741645,78.0566434096545,99998
19.4118260056712,43.0460271541961,74
38.304224642925,62.2910112375394,13
-6.44772255327553,61.4046989940107,99993
11.6522822459228,11.9309973460622,0
60.8769423747435,69.3774847849272,4
12.1060266834684,80.3768440219574,223
83.3499166578986,90.8740471489727,1
43.1939326249994,93.2085040723905,15
-2.78009031433612,26.6298327688128,99954
70.0784488208592,113.799472851679,3
22.3982269968837,23.0639657587744,5
56.9630608381703,80.550522741396,7
-6.3131428649649,-1.80969067616388,0
30.6319676036946,41.754361866042,17
17.129180545453,51.8903333158232,96
13.0624750512652,38.1827770522796,171
-9.61007729638368,17.4691148218699,99891
92.8283941932023,101.636676278431,1
48.8354852143675,64.2169901286252,11
13.2030018535443,47.7102777641267,175
55.2682056068443,107.819474020507,10
11.4004869759083,93.3124885195866,259
-2.61892958544195,88.8890586141497,99998
15.1825803192332,55.0252011581324,135
49.2743689799681,68.6888696323149,10
-10.318264241796,78.6004862212576,99998
21.6483968752436,46.3492223666981,55
33.6301857302897,111.567710142117,25
-12.3327296460047,2.88316411664709,96679
-4.53477645060048,66.5843564015813,99997
6.98022842872888,58.3671979885548,713
-11.4529740530998,43.9592692465521,99984
0.00925230095162988,18.6974389664829,16674
48.7648111674935,73.1556231016293,13
-2.37441651988775,26.2686678324826,99954
71.6988921514712,96.1285091238096,2
6.30700660403818,73.7740508257411,720
87.6906888466328,105.508464341983,2
13.5437401686795,69.3122561299242,187
69.469870692119,101.819806387648,3
9.23126987647265,33.3048971323296,337
92.379265956115,94.9261407437734,0
40.9469072241336,85.7603331748396,17
13.3596785622649,103.827527298126,190
43.2331700110808,45.0051929522306,1
52.8125769551843,69.2065566382371,10
18.3881443040445,74.5975407492369,95
-5.3780131158419,98.7779805110767,99999
82.1271768957376,89.824019013904,0
30.601912222337,75.7127249566838,31
10.888864917215,38.6797132971697,288
80.2065702690743,91.3866011286154,1
16.8455685093068,103.283934560604,127
1.03693225188181,84.9499710509554,6358
65.8713508839719,93.2010717689991,2
20.4256019950844,36.1888912436552,58
15.267286633607,45.543682356365,130
-14.9367990577593,94.3678349815309,99999
47.6038457266986,51.5579495998099,2
-2.60484117083251,76.0275669535622,99998
79.2726011155173,98.130291455891,1
-0.587541926652193,97.2764985589311,99999
26.8670911132358,96.2804740760475,45
68.451557289809,82.1562189958058,1
-10.8714735112153,101.186437932774,1e+05
53.7545753270388,100.026703400072,13
4.3223829800263,55.3823221405037,1374
92.4383030831814,99.0361873875372,0
16.561338219326,35.4694044427015,104
70.394663985353,74.0663161454722,1
65.0695147365332,94.667260767892,2
53.029140715953,108.486807662994,13
71.0905714216642,112.826810954139,3
96.4987953170203,112.529427076224,1
50.8333786553703,72.0965178706683,11
22.0217014523223,65.2761220862158,60
89.4646140700206,106.624039793387,2
28.4273107815534,87.5942846830003,35
11.3809015322477,96.446925860364,259
-4.47868554852903,83.282104448881,99998
23.7289173714817,98.4298548102379,57
63.6479503102601,87.3314320039935,4
-0.99212238099426,80.7193989004008,99998
28.759180214256,95.343524585478,36
39.0625621867366,42.9420935269445,3
16.6441018134356,80.9801576705649,125
54.1581335105002,69.9754687561654,10
4.06065484741703,60.2646157378331,1377
15.3547377395444,111.703367037699,145
-12.2774233506061,30.7062711450271,99967
3.69933194248006,27.1958715468645,2020
48.203551734332,83.4507445781492,13
56.6332459659316,68.2346014073119,6
-10.153738046065,39.7367423563264,99981
76.8929903232493,100.643862895668,2
70.1218327996321,97.7305429219268,2
13.0657514394261,94.2180632171221,189
31.2135027116165,92.562779772561,28
50.4404755891301,76.1186780338176,11
1.99974688468501,91.222014457453,6359
21.0174031858332,110.363645937759,70
14.3149311933666,51.9380940753035,151
44.4452899787575,107.811384326778,15
-3.30210164655,65.711845329497,99997
-5.40497374720871,59.6663552080281,99992
4.4435335509479,59.1096812835895,1376
39.8171889968216,56.2435797881335,10
71.9095836207271,112.257764597889,3
78.5116020776331,108.470230675302,2
69.2958711320534,72.3654641606845,1
-3.81333158351481,104.46647580713,1e+05
15.2334077702835,76.4079609280452,143
-14.383714129217,113.95385624608,1e+05
35.1500735525042,110.763290259056,23
20.0802532909438,94.9448905792087,79
84.258904857561,98.9304688572884,1
9.57825777353719,48.3559093833901,347
0.707189266104251,35.809016909916,16748
0.371622235979885,9.37779564177617,16409
27.6089908415452,97.9187472164631,42
35.6492714514025,91.4244395890273,22
10.4117658548057,10.5394408106804,0
23.8603985263035,40.1201521116309,39
11.977038369514,82.2859197272919,258
45.3143149055541,67.3068144288845,12
6.45513157825917,39.9157560802996,703
37.3868881398812,69.6458211145364,17
48.3463185187429,108.31004987238,15
-0.20414479309693,20.9534205123782,99920
37.6416266686283,54.8574942513369,7
35.8793565258384,38.938656472601,4
16.113826171495,78.6498385923915,125
41.1441936087795,62.7507396251895,10
86.0376130882651,92.8823498100974,1
-7.98958447761834,104.098385162652,1e+05
-7.5650931079872,45.1571368984878,99985
17.2046637511812,21.7832739767618,39
0.403416422195733,68.6978452093899,16768
55.569438028615,76.657801491674,8
81.4094054419547,111.46717984695,2
30.297387491446,78.5667587281205,31
14.0445380634628,83.2166319550015,162
8.62586428644136,51.8106217938475,428
9.52541747130454,108.157619973645,362
55.4252931126393,83.3948273537681,8
22.6105035399087,94.1213948139921,62
86.1664582649246,95.1737376931123,1
3.35762623231858,9.46009964682162,1701
30.9433180070482,113.39013657067,33
61.1216046614572,77.7925675408915,5
35.3362265555188,83.6310121230781,21
14.9002407188527,79.4242655974813,162
24.2784389411099,107.481574842241,55
-14.8217901936732,40.8367301896214,99981
-14.7222249326296,82.8056632913649,99998
31.4201551908627,93.1777042197064,28
-14.9032231769525,87.8325303085148,99998
67.8672985476442,80.4512835876085,1
61.6094096913002,66.4011847344227,4
-7.67705746693537,108.480820232071,1e+05
98.498188839294,111.999215239193,1
49.5555663574487,53.8266742089763,0
-6.24997509643435,10.6469540810212,99693
14.0709629817866,76.3345844345167,162
93.3414590661414,104.2190774763,1
23.9146155072376,25.0292523787357,8
4.17587110772729,33.9727880386636,1359
31.061816860456,40.5997486459091,10
-4.06285614939407,46.0101613216102,99985
50.2862590621226,86.3371446006931,11
72.806061275769,98.9204989164136,1
45.2264658058994,105.547661380842,15
48.9469346241094,59.7277733054943,7
62.7706068335101,86.0242888191715,4
51.9666759506799,107.346822263207,13
83.1919260160066,96.3869984308258,1
5.50669057527557,23.4168225573376,891
54.1052860952914,80.7751060347073,11
102.003810303286,111.420841955114,0
8.88850197196007,45.7316228654236,426
68.2814114796929,98.2241649739444,2
53.308280990459,68.7115443474613,10
55.5548825790174,59.8962260456756,2
-10.7620339863934,16.4314980735071,99873
59.8344327160157,71.7611433146521,5
34.6952421311289,61.8448021961376,18
22.8079013712704,27.4015470058657,20
8.3388760080561,102.351818927564,441
81.8700154148974,88.5947778099217,0
25.1485676201992,96.8531455984339,49
-13.6737360153347,97.5338863837533,99999
-7.42544383509085,40.3834178880788,99981
64.9442248977721,91.019141995348,3
-7.91021613404155,80.6825075554661,99998
10.3502746601589,108.180788177997,307
17.5137417856604,48.6030429904349,94
91.908184713684,93.1045838235877,0
66.6170313558541,76.6152480966412,1
52.7140165003948,74.0783756366,11
90.6412820261903,96.8243890162557,0
35.6483360799029,81.8125328212045,21
21.1997265624814,70.7073677307926,67
9.45750661892816,79.4388547958806,360
53.2189868669957,98.0980566889048,12
48.0507753277197,114.950030676555,15
13.4518445120193,18.2906784908846,93
31.3517224881798,105.282684555277,29
-14.4046595739201,80.5286844214424,99998
84.2717600031756,94.7483071987517,1
-4.36211727792397,35.4380504135042,99977
-7.10624152328819,74.6658407570794,99998
-0.735856075771153,111.310191983357,1e+05
12.852750220336,104.707637904212,225
53.3263215562329,109.778025529813,13
80.4613476921804,103.20111400215,2
-6.48920591454953,91.777069135569,99999
13.3278187550604,21.8423979426734,120
-11.0295736021362,4.4979074713774,98616
36.8076078756712,114.174350486137,22
28.274390057195,73.106304993853,35
7.44175001280382,22.8405872522853,502
-2.18759601702914,112.726654589642,1e+05
57.1269056107849,82.2204372449778,7
3.38283295510337,6.02827636990696,1341
0.709393562283367,59.6237788698636,16763
7.8493019961752,30.1874449430034,532
21.1359778000042,87.7654309710488,68
76.7947182618082,88.3496539969929,0
17.7974801603705,60.6677657272667,102
-1.82447131955996,38.6309196124785,99981
11.5276823053136,50.0654625357129,247
-14.065560027957,83.3365596388467,99998
41.8921820749529,85.9890165086836,14
34.0417694998905,80.6591236917302,23
7.00821941252798,49.0922234277241,552
5.17167427111417,58.9800837356597,940
50.8106886851601,55.1599008589983,3
45.1698374957778,63.4940641885623,9
-5.82519742194563,101.070240626577,1e+05
42.6046853559092,61.5462929243222,9
45.8008749526925,95.1643952378072,14
41.7836748645641,73.0086323595606,14
63.5331019572914,85.3840028890409,4
-1.99606218375266,81.4394805580378,99998
48.8126798323356,111.199620647822,15
25.2538357628509,74.5173981506377,48
14.0560711338185,40.084881586954,145
66.76164312521,110.993058246095,3
25.7162736495957,63.5240444145165,44
8.20649749832228,32.3008379223756,414
27.4847075343132,37.0053345686756,23
71.326202226337,96.490730443038,2
19.3912357254885,27.7370235347189,47
-12.891801672522,48.8557794434018,99985
14.2349309753627,16.5093759307638,37
8.62610833719373,19.2468240880407,351
-14.0448138676584,3.46108298748732,97937
8.46929627005011,78.7635890953243,439
19.0635301382281,57.5647018780001,81
4.01239472674206,72.8924370510504,1382
60.5404326785356,65.8121296670288,4
-6.70122741954401,96.7875907756388,99999
11.9384952099063,102.639720058069,260
-7.22992997383699,38.9393413462676,99981
20.9893227904104,83.9789072424173,78
24.7148091625422,74.5189318293706,53
-0.0174832274205983,7.41247182246298,99435
-4.17916450882331,90.053442157805,99999
65.1479991944507,67.3456645663828,0
18.3811440155841,28.4875755477697,60
-10.4032983887009,31.2456595688127,99971
23.4272273280658,54.5964682451449,45
58.4645801712759,75.9845110191964,7
47.453786355909,54.1395883774385,2
-6.17976735811681,69.1250387229957,99997
35.3935143444687,109.714654663112,23
57.8299810807221,61.5361240017228,2
30.983363064006,92.1783036459237,32
-10.2277982025407,78.293539385777,99998
63.7666010484099,80.572996023111,4
16.4454789157026,50.2147557330318,114
31.560807635542,112.939369594678,29
21.5976144629531,55.5494496575557,60
64.3403413938358,80.2282625157386,2
-11.459887532983,61.0497521609068,99993
-10.5110676656477,12.7654574462213,99775
20.8560025226325,97.2351437457837,79
43.8721632561646,109.995917994529,16
-11.1174450395629,101.27463677898,1e+05
29.5239331782795,85.5932072014548,34
67.4413570086472,75.028686504811,1
41.1156384903006,64.1046061948873,12
80.4495414835401,92.0086828339845,1
80.2878847229294,106.764093355741,2
14.0454021538608,63.0669609038159,158
61.2081464263611,108.038510796614,7
94.0574685903266,103.886430852581,1
41.0744959767908,59.9557654093951,8
-8.30718549201265,19.6821178891696,99910
38.8155958405696,89.7976605640724,17
26.4982506702654,108.250708885025,46
-12.6624998729676,64.8926561535336,99996
8.77391573973,68.1131573277526,438
-13.7995472503826,97.839883712586,99999
-0.72496535256505,105.181256390642,1e+05
31.6563194384798,85.4178039939143,27
0.652627078816295,96.5479125967249,16770
30.7903435872868,101.660437462851,33
25.1601575943641,72.9617091454566,48
43.8377553992905,112.570106883068,16
42.0081322430633,44.639393563848,1
-2.53547721309587,25.5840957863256,99950
61.8767347070388,99.3772085569799,6
-5.39280737983063,76.0585603700019,99998
7.95494228368625,35.5909762531519,542
-2.4378818529658,9.2877074982971,99638
-4.36602160567418,79.8028469434939,99998
45.7547132205218,65.0781276426278,12
15.5691447854042,50.6948634330183,132
10.3363642212935,68.4698947542347,304
81.4803660660982,81.9397584791295,0
-12.8435700340196,96.7794969351962,99999
-3.73038750141859,63.7647243123502,99994
0.151867473032326,14.3580786278471,16607
16.3657871889882,104.569982655812,127
-3.24382963357493,107.474407171831,1e+05
2.13986970018595,8.6644501844421,2880
3.00370621029288,7.5084369792603,1498
-5.90427277144045,30.0356453144923,99967
61.7125291400589,96.7870372347534,6
66.6158516611904,108.140304961707,3
40.238312871661,61.7681361478753,12
26.2387658189982,61.2097792024724,39
-0.166704780422151,36.8338446482085,99978
1.10277380328625,36.9962389487773,6338
51.7628726875409,72.7302508126013,11
0.0537067372351885,34.2472355347127,16746
30.7656573527493,47.771506505087,18
5.76261285459623,46.9102200120687,934
30.5578931607306,61.9386817072518,26
14.4020054023713,71.8491415749304,161
63.1474970467389,95.1844491087832,5
37.8638783888891,68.3701873547398,17
49.4566692621447,94.442513694521,12
51.7719640396535,107.585235179868,13
13.9366622432135,55.610207519494,180
26.4340762491338,45.0030010356568,31
-5.93890639720485,111.643985975534,1e+05
17.310191502329,86.1999276024289,107
-8.13410859089345,1.52552845655009,93640
6.72776923049241,99.8255375074223,721
4.61661302484572,17.4203374516219,1275
0.100732317660004,113.703111547511,16771
61.7704328522086,69.729617300909,4
91.6012817062438,103.05327572627,1
39.5694251195528,73.0088444775902,17
34.89876329666,90.8806493226439,24
-12.1332991379313,3.11866128817201,97937
59.6262508863583,91.6385005507618,7
92.9779290803708,98.9445452555083,0
57.2168671735562,84.0968565200455,7
6.43530689645559,43.9741980517283,706
34.4511859305203,38.4836326073855,6
95.0426085549407,102.768144933507,1
39.8983031371608,65.4827009839937,16
-3.03990563144907,47.2412439086474,99985
41.4022376737557,72.9827294428833,14
42.5081833964214,48.4014350036159,1
82.1554978005588,82.584752200637,0
33.802550425753,108.906873702072,25
6.60754355834797,91.3961796741933,721
35.7805004739203,51.2619595928118,10
49.9435074720532,70.9053195873275,10
28.4254732425325,73.2726260204799,35
54.0755282784812,65.3168375790119,10
53.1357047217898,65.985582859721,10
-7.65621702186763,29.7186658531427,99964
-0.41796803008765,51.5463304170407,99987
24.7997538372874,72.8825605474412,53
-13.6379611957818,96.1005552485585,99999
-8.90698953764513,89.8427481157705,99998
25.5981206381693,44.1986725316383,35
23.6614608112723,42.4027344328351,42
66.0875960439444,95.7731377216987,2
15.1041740737855,16.3478735066019,18
21.3509295787662,89.5629950962029,68
16.8490789900534,41.9084141589701,111
69.5283346041106,86.2171642505564,1
7.39200651878491,47.9808398801833,550
38.4556860267185,58.2915748539381,10
69.4425718160346,75.1138031017035,1
56.0885909129865,85.2995956223458,7
-7.80208345968276,82.75743649574,99998
28.2763487286866,70.1434061536565,34
4.05281038489193,33.4171309066005,1359
60.3870447375812,65.6650596228428,4
73.2611094461754,100.943912323564,2
-8.83504938101396,64.4211104791611,99996
12.8140192478895,48.3770697610453,210
21.504719175864,51.5965908276848,57
-11.0198573372327,60.0753681361675,99993
1.70727204997092,71.8103957711719,6357
58.7467531766742,101.83429736644,9
105.059823510237,105.637774677016,0
-2.26586632896215,95.0029684836045,99999
11.5128472703509,52.487856335938,247
-10.9293336677365,62.6536501641385,99994
22.8427360369824,59.1554919979535,55
-2.47486052103341,95.2580668381415,99999
28.6168220476247,96.3542284350842,36
19.9935248633847,107.807158159558,90
-4.24278886988759,29.4098624400795,99964
-11.3432156550698,54.1082946723327,99987
58.8265958195552,103.272908751387,9
84.6230267942883,105.618971600197,2
-11.548190319445,22.9312959499657,99937
-6.24247402418405,104.936752677895,1e+05
44.1547466046177,71.1170809692703,12
7.5034027476795,18.6699392017908,468
-0.693468186073005,42.851651974488,99984
2.0529933529906,46.2687518447638,3306
-12.0740843378007,61.9517760607414,99993
75.1870303438045,81.2642658897676,0
-14.6927940100431,75.6134014460258,99998
-7.14909662958235,36.1771261994727,99978
31.3489779084921,105.343880213331,29
100.413189653773,108.486023722216,0
11.4650517632253,89.7447516140528,258
1.01530505111441,105.800332212821,6360
59.420542283915,65.7629028474912,5
8.42491477960721,65.9824076574296,438
17.8760456759483,54.6459907223471,96
92.8504747478291,105.393381593749,1
29.6413725614548,48.7794671976008,21
25.7534333504736,85.8518434292637,48
-0.730165240820497,82.8559284843504,99998
38.7989877071232,38.9554749988019,0
83.666286279913,89.4934271322563,0
60.8995141787454,86.5953419124708,5
58.8678610092029,108.655883772299,9
0.378861520439386,108.24695789488,16771
5.31995085766539,64.9547669035383,945
35.415875937324,82.0322048617527,21
11.2967908615246,82.9737207922153,258
43.8662130851299,108.993005366065,16
-11.8762158392929,-10.8480485435575,0
-6.36670424137264,47.3542820545845,99985
41.9002001849003,85.8030206267722,14
-10.1175404433161,107.431797387544,1e+05
27.6104736095294,58.9440980996005,34
-13.466207489837,100.656646094285,1e+05
-12.9502766625956,112.281467637513,1e+05
59.364376317244,105.147345867008,8
11.9644667743705,107.952468211297,260
87.6215167273767,91.2506023561582,1
27.9776295484044,34.1933321603574,18
32.0361071452498,103.51543387631,27
-3.94704466918483,67.6898656901903,99997
74.2988479929045,114.574205502868,2
-13.0973664415069,4.3547709332779,98616
-1.76118729170412,61.4979480230249,99993
50.8973271260038,80.4178254795261,11
25.9674955531955,62.0166015462019,44
-4.65019859373569,66.7597579141147,99997
-11.0911967954598,-7.98823373857886,0
72.9052658635192,91.8310401285999,1
95.5485239787959,112.459591603838,1
9.72876259824261,113.343541703653,362
43.2734800036997,53.0997910327278,3
62.461202358827,76.6653078002855,4
29.5370710873976,114.841845002957,36
-14.6774588874541,108.539987420663,1e+05
-5.34350628266111,41.9681505975313,99984
-7.58633802412078,11.998314158991,99740
60.9137943107635,62.718101174105,1
-8.95676348125562,114.657754278742,1e+05
79.183666605968,83.6802361276932,0
109.123711932916,113.793009850197,0
-5.53649997105822,99.6789967291988,99999
14.2875357624143,37.0670516532846,144
46.5603057155386,67.8224406088702,12
10.3752311877906,102.818071912043,307
78.8268542662263,113.263078567106,2
-7.17054782202467,37.9078343114816,99980
9.28017294965684,17.4164045811631,253
-4.18099133297801,60.8429964073002,99993
18.2695879717357,32.5478154979646,70
24.039014892187,61.0104544810019,48
95.19363271771,101.713629418518,1
89.4456184282899,91.9417648320086,1
7.36126320669428,55.3097436623648,555
58.3919128566049,96.9951024721377,8
15.9306321665645,86.238266362343,143
27.4954573903233,50.1416926947422,30
3.0084563465789,11.6539233154617,1803
-3.02632084582001,35.0977296754718,99977
82.074342162814,94.1226155823097,1
110.014352679718,112.547329438385,0
100.223223611247,113.512335352134,0
41.5820787125267,83.6469011195004,14
0.809733986388892,71.7572999466211,16768
16.7161335609853,81.5952761052176,125
92.1300350804813,104.930685400032,1
60.0805447180755,78.4604763658717,5
-4.91576434345916,8.6488821497187,99559
7.57218410726637,74.9620846216567,563
47.3261890374124,72.4360987078398,13
88.0868797423318,96.1092243622988,1
66.0659500467591,83.2771065994166,1
-14.0000873524696,7.46091125067323,99435
-7.16436240822077,27.4702602322213,99957
56.305872539524,114.047978930175,9
-1.79913268890232,81.2699527596124,99998
-11.3519467273727,20.7332916371524,99920
19.3537221918814,81.7609744588844,88
33.8026804872788,62.4196291621774,19
15.8300544111989,58.8804300012998,136
-0.149483266286552,32.5190552230924,99973
19.3873760127462,63.326562861912,84
61.1115704011172,81.5348630864173,5
6.52903827605769,103.861732177902,722
73.8452141243033,104.016825144645,2
30.5483164009638,90.5270268046297,32
-11.7351909168065,7.61695124208927,99435
82.668998229783,114.358831909485,2
7.65359629644081,61.5782176563516,558
8.67638960247859,18.7503740075044,344
22.2684268350713,92.7933763456531,62
64.1330147860572,66.4848860003985,1
-10.2175764925778,107.358037701342,1e+05
43.0640312167816,51.7679775343277,3
60.1815144740976,105.637169922702,7
22.895713665057,71.2370831123553,60
46.8049201183021,102.723309362773,15
6.31908062379807,29.4715225603431,686
-2.93330094544217,77.7012550877407,99998
7.72603766061366,28.8380366959609,528
30.9498241101392,65.410337287467,30
-6.45164501154795,96.319403424859,99999
14.2416730476543,43.3341660699807,148
64.3836654117331,95.9213584940881,3
0.167968133464456,71.4476471533999,16768
79.5495784701779,106.553335932549,2
56.1101428070106,97.5049172900617,8
95.9384423191659,111.760907866992,1
99.7083795256913,104.633511884604,1
38.4636394842528,72.3933685477823,17
37.317517856136,42.0193955046125,4
46.7715566884726,105.767487999983,15
-5.97478927345946,22.6979330950417,99937
71.7541706911288,85.4580483958125,1
35.5257286503911,67.7468627551571,20
-4.97982619795948,107.06333874492,1e+05
-8.36244054371491,77.9886687221006,99998
18.4306201222353,57.6115511776879,88
37.0561684970744,96.5060367202386,19
-5.71489229332656,56.1354613094591,99991
3.32935127429664,76.7076144507155,2061
24.0656330715865,49.0228864992969,42
-6.28378891386092,19.04870133847,99910
66.2120675877668,66.5777883701958,0
44.6785715338774,51.6951665980741,2
0.415464290417731,60.8027286687866,16764
83.557792478241,85.9368864144199,0
17.8735388210043,96.1821830063127,108
21.7712483857758,65.6553250458091,67
8.13075186917558,46.6970672109164,426
75.1595681416802,113.335318407044,2
54.8661718703806,108.845464079641,13
-6.00666076410562,83.8011717656627,99998
-0.590553560759872,3.3619274944067,97937
-4.39285051077604,50.5772657785565,99987
12.7151056868024,46.6990243387409,210
21.8874305579811,76.8953500152566,68
76.3418555608951,100.469471365213,2
4.73829286172986,5.50057526212186,435
32.0097802951932,82.3132315278053,25
22.8793085087091,95.588362577837,62
-1.5887013124302,11.7610460682772,99740
63.6126052355394,65.4592644539662,3
-4.53013073885813,90.3069597971626,99999
55.5453312443569,74.1137399920262,8
46.3182988087647,87.4232769315131,13
79.2756361770444,113.642274898011,2
36.7786965938285,68.8790381373838,19
21.4819241152145,25.1499873399734,20
53.0287417839281,62.3934359452687,7
106.654176444281,107.618542674463,0
36.5589004242793,113.846256893594,22
-3.74589394079521,26.5835613757372,99954
-12.8936769254506,106.987860079389,1e+05
5.95448226900771,109.741834101733,949
-11.4137479267083,4.89631380187348,98616
15.8976002316922,78.1980932643637,143
71.6423464426771,114.866805132478,3
23.4509687777609,75.2556222863495,56
5.17746962141246,17.1115176030435,840
14.3685612780973,17.1439018333331,55
-7.73042216198519,101.05756460689,1e+05
34.9737173272297,104.789387974888,25
52.0285210083239,91.7497264011763,12
47.7464427682571,73.8753067352809,13
42.0467753778212,45.3245643107221,1
-6.96262202924117,77.090972175356,99998
0.345837969798595,42.9505520965904,16755
52.6055286917835,100.992163303308,13
20.2882934664376,67.3608447471634,77
68.9625419047661,97.8873505396768,2
-8.35130628431216,59.3707872880623,99992
17.4876124947332,84.8880751733668,107
-8.97523421561345,58.2014196366072,99991
112.444952130318,113.851358047687,0
-10.4966094368137,15.0411756546237,99855
1.07290886808187,66.2556830863468,6357
-5.30687775462866,92.415776711423,99999
21.3127238466404,30.3691101726145,37
25.9085958730429,28.6876237345859,13
5.71623555384576,7.03581736655906,384
-8.98471069755033,54.2349621583708,99987
44.0264786081389,68.22437772993,12
32.4165182816796,109.454854601063,27
49.2321320669726,107.947483861353,13
45.7331445277669,62.9352758941241,9
95.7649131235667,113.800694739912,1
9.25041004782543,33.6301399953663,337
34.6467435592785,94.5855048857629,24
83.6082113417797,105.347801006865,2
8.57653649291024,14.6434029238299,277
36.7709080362692,72.2602880327031,20
46.5733429533429,58.9460028335452,6
41.745045017451,103.177930542734,16
-10.6833317503333,106.836273961235,1e+05
-0.252082438673824,36.0557486792095,99978
-3.4040768747218,29.1823134291917,99964
55.3508088714443,110.334635800682,10
86.6440367419273,110.275265695527,2
11.1963339964859,67.8112230519764,257
23.5492328484543,55.9725607465953,48
64.0322292107157,64.8959430144168,0
23.5305306548253,90.8272155257873,57
92.6479597808793,99.9920896603726,0
15.3227323130704,104.569336040877,145
58.9486872707494,93.9365557138808,8
-14.7848122823052,7.97831068048254,99435
16.0221921512857,27.3886968847364,84
-9.01023169280961,60.2752705523744,99993
3.65135292056948,58.7844836711884,2054
28.7211925629526,35.7164831436239,14
21.2890308559872,59.588274161797,62
36.2968532065861,46.5936679043807,7
14.1345656407066,41.7243667785078,148
30.7604138483293,84.786376170814,31
51.740866410546,94.3580794287845,12
6.93868102040142,28.7327259662561,685
80.8771901368164,93.4167509176768,1
26.1335166241042,79.7129928926006,44
96.2012623995543,99.8990311683156,0
55.908884385135,68.3980820560828,7
-10.8423765352927,31.6518758866005,99971
-0.772747602313757,93.6558734369464,99999
-0.840643411502242,53.5805119317956,99987
30.245519366581,40.2813606336713,14
10.5148014309816,51.1957716546021,294
70.2975704381242,99.9787204130553,2
17.5670024799183,65.3643429675139,106
37.1147698257118,93.8582577975467,19
79.0482442267239,96.289643549826,1
17.4555255263112,113.495378228836,109
73.4026013431139,88.7868021964096,0
43.9976271055639,53.8179428037256,3
101.238462422043,113.206058256328,0
90.7250283309259,105.741445033345,1
73.0264394381084,74.9956055055372,0
4.78747894056141,60.6098103174008,1377
-14.1670500603504,11.7664310149848,99740
74.5456578535959,102.425710612442,2
